0.30632952847792055
0.3667750732252884
0.025445587994637725
0.16347253204176052
0.46399389644676875
0.3031416697734306
-0.12111264801488626
0.21088701842670435
0.05742823489886717
0.26661782059580197
-0.5305227943326937
-0.6646771196565254
-0.10231907182872287
0.19154235413881393
-0.09183059898827196
0.22312077335839878
0.4383059106884806
0.3957446808034124
0.33142947310466314
0.5843018128822669
0.6000874590775847
0.5348013166152411
0.7082872944918597
0.6927432283230831
0.815121106668737
0.7336962788570043
0.9044880749603457
0.4411563529272315
0.4748112343644764
0.43467058614794524
0.24704150072506081
0.4760067178895396
0.5319840251408131
0.6664246244025728
0.49791088425806707
0.36189086121138603
0.6714829034387498
0.4712834408317099
0.4806123834120328
0.4487623631015625
0.6131333501589454
0.8561400314555806
0.6985284408703336
0.35344088728427675
0.4399021969152397
0.1827944501860926
0.5694339769498202
0.48888149941865483
0.6575941987879165
0.4630532375742422
0.3970757931516687
0.33579376830455
-0.1417447261749625
0.2983461481516931
0.1569261807162868
0.37302289104875874
0.40283083528315866
0.12353090947232315
0.6602997295635317
0.6217593015793875
0.6015049695482465
0.17350316074398087
0.08097835885910741
0.025001449366538652
0.25060502723134054
0.06984181502101384
0.034572780211245345
-0.2450726341470896
-0.4532732842175509
-0.3703868067426081
0.011192760881811934
-0.31437480405781254
0.061402837550658985
-0.03818534229546898
0.49280869166027413
-0.09650876743882338
0.16079263237129696
0.5606247085909474
0.7805092659888299
0.5930824590185623
0.5314521164644302
0.7329100339728442
0.6726596392437116
0.49019774645146175
0.7590109283056795
1.0284812507207295
1.0489389828091324
0.9488419527721975
1.0039526949716189
1.0667609691035584
1.115439530363101
1.1018347524961216
0.8183354560299955
0.8117687499340375
0.06229024392463927
0.35948608428981954
0.55655868262006
0.4950407799588541
0.6774499205263697
0.6319948307559239
0.5625263539239344
0.6936426065992748
0.7827963243937811
0.5218997223308004
0.7528361862558399
0.8936326844087011
0.9487875618857441
0.9605072875251789
1.0482780647740362
0.777967824225493
0.9058972705926286
0.7808598736263921
1.0291471092034226
-0.0461291067115834
-0.3322058012599952
-0.41560911955965896
-0.3719135833989203
-0.3345197398443287
-0.013166549061385582
0.14063550663326493
0.256288428876456
0.08394690630717123
-0.21875756420721137
0.3105412547212145
0.2958371179617313
0.3190349461935638
0.5224226146710714
0.7185818114480619
0.9147473691221526
0.5800460749008641
0.9322714047034092
1.2222054622026832
1.1045834886562969
1.1210611922770697
1.0784377365321671
1.314900015368474
0.7670692534967714
0.728334031992245
1.2105212639701428
0.7874857917243073
0.9759748065664448
-0.8974100409444737
-1.0162271042018036
0.32371919414985556
0.7149487982215632
-1.0096466995926772
0.5353334388548254
0.45116737548897873
0.8616412185137055
-2.1009802980758407
-2.468440054881025
-1.6198121099699867
-1.1642736207662223
-2.029213468072465
-1.6636331784813843
-2.43983086232364
-2.1834500376610633
-1.8959449976655403
-1.7838337182082302
-2.26204005702021
-3.1705624017494998
-1.9315094668632138
-0.6810558586068338
-0.08107622705276815
-0.2506480592806502
0.12906105708505858
0.5114641017236338
0.49085705013024455
0.6593288508086345
0.8361930901547368
1.0145961475034506
0.7721906506724866
0.5478435373579797
1.0356583569184787
1.1849964810415865
1.1718599657547268
0.9136576652978329
1.2454056455686393
0.5275124853122329
1.1036705881034612
0.8092385490994842
1.3009209299586182
1.3306224436828618
0.057716795880442116
0.8209679600624257
0.7528970149502662
0.837064912544883
0.1366300656176681
0.7399242603793791
0.48380913849720913
0.6283630690223392
0.8804106255012077
0.6876610803663636
0.3615525591964078
0.5743194778566403
0.2683810146058424
0.17118172599825487
0.22018891394304899
-0.6500909265720504
-0.04536090675843497
-0.1688800703020399
0.09172658728345578
0.22309981447178004
-0.20708037373298363
-0.2585460525354594
0.11083067446861872
-0.18969266416760533
-0.007231967851017665
-0.512014854761541
-1.0836238433354328
-2.401525825797027
-0.8873586011550006
-0.199372576774606
-0.14799846810817005
-0.039082440783346384
0.3302401104041361
0.28575565636209205
0.3371125308914338
0.3991825563360476
0.20182251331149323
0.6410471666435672
0.8290574520205292
-0.07619197461225533
-2.2418921587387337
-0.48630573904499713
0.3967655742461608
0.3375878306385323
0.5364778567196817
0.35026849807431315
-0.10232697326549921
-0.09334321588179702
-1.227080902041998
-2.0887181819870766
-1.621382674669583
-1.0100944168857726
-0.6224792458384464
-0.7564168438503435
-0.06357375472575574
0.016476011041562277
0.08924270674972139
0.332218287104803
0.43461008998958395
-1.0946113462014357
-2.141392934731978
-1.492276519935406
-1.2801512123797034
-0.9319048685736403
-0.5331219819781491
-0.6886694720820872
-0.15593090543403557
0.3301948816979252
0.6953134920498747
0.20762291948666456
0.48079986929396307
-0.8502409030137666
-0.0031626360466887084
0.18633322916154463
0.4534526653129367
-0.1879943663539726
0.04127998407003109
-0.021599865091112863
0.3344922825965189
0.7411951188067757
0.3169573832031563
0.18120944078546378
1.0070677848971636
1.0521504719857149
0.657029511778497
0.5255828022995818
-0.023115299010942142
0.6113326313107547
-0.20765776478122908
0.09328285975431098
-0.01562535083449278
-0.11560589283398005
-0.3532268092334818
0.08973821168744388
-0.5013752407728219
-0.7532681086615612
-0.8940856813902672
-0.25502533100900526
-0.73331675602881
-0.6575944914561082
-0.8773077897187255
-0.4946043426866729
-0.7250527684763005
-0.35213792971479735
-0.07912740607412107
0.048913224301352067
-1.1112589110653013
-0.32456994539282685
-0.383629596810419
0.32960822676741514
0.5781883325780495
0.18774566642576632
0.34697283473496093
0.40021085000736484
0.6729404658473875
0.8056222645063406
0.9308723360480181
0.4753292783826559
0.6796196082104148
0.013431106667583403
-0.5488171063789443
-1.5366522047993618
-2.1118880719710247
-1.230653380916851
-2.360958852103392
-0.3881464740782849
-2.4309234201833867
-1.6474052417334104
-0.5921014640549241
-0.5859090115442337
-0.18746955156725897
0.2311056654808077
0.2199315489738777
0.37853676550825704
0.4521796204927592
0.6022993873781545
0.3923022776858777
0.03217402189422943
0.30764491553422757
0.6556850192271197
0.7316288379585879
0.9850597497433994
0.2999676425520845
-2.4461476253847443
-0.6153687804101821
-0.19453195615496524
-2.514262610918966
-0.4104785634444379
0.04476854450862052
0.17758198614159912
0.1884998426677018
-0.18025119998632996
-0.44628097792203664
0.05092621041835487
0.38502023111716716
0.36232009621678696
0.13888631938523907
0.21928365239268796
0.27015886607245315
0.7348910292864789
0.8458019036718506
0.3453886362902779
0.8796026030446429
0.770246553406166
0.481390434149315
0.5256794422020267
0.3387032304544711
0.21883048100101546
-0.02298189537371556
0.37467127745304873
0.4316710802885091
-0.6439819318247085
-0.47762761106296875
-0.005976264513849454
-0.6896634133207996
-0.39528891769387825
0.6398041519427414
0.9310381239092954
-0.36446318105415215
0.07941499535076951
0.48727147290234635
0.36112151381958374
0.8667472301777562
0.8140349646617163
0.4988002580682669
0.0599686216638213
0.7750327444481456
1.3140465335546905
0.40775371151733303
0.8585659374236988
0.7941142797437157
0.8037468916271221
0.8343560089738049
0.7251582518748271
0.9023998132167227
0.8609795809589741
0.3789531621924311
-0.2969855935057752
0.18677145202065495
0.5087119261358659
0.6198678351397054
0.7640470596046445
0.22595148162850645
0.6409004784600936
1.0277913335144662
0.7649994370169882
0.7606269340110258
0.6852117084317054
0.3254789000056528
0.6228408823929793
0.4942081563587282
0.8014487830994389
-0.37154626560371146
0.32455901041058993
0.6933338976145174
0.572060941612948
0.4797474396008095
0.05103622137996828
-0.7746555054807575
-0.03091092219660231
0.2576937189477683
0.5819060106288548
-0.14883866387080544
0.23673928132923075
-0.03722412827638971
-0.34809484297379495
-1.630997571056188
-1.3227496065837883
-0.42211214267722036
-0.08232286285499939
0.33100178548774967
0.085291378624
-0.4469179413359683
-0.41071902984611913
-0.09045804981980098
-0.38235215194510436
-1.8180360986740653
-0.35474523327084384
-0.0040966180683957056
0.10776045641498833
-1.3608533866327506
-1.2593898755105652
-1.384993688465194
-1.1273896730656625
-0.477318158450674
-1.112812903461057
-1.6686293134519807
-2.04419935659025
-2.270877211454956
-1.5135160087212096
-0.8037201620415214
-0.2696640761742194
-0.19924797645035733
-0.3514707842004177
-0.4337671949511817
-1.032678540686217
-0.6019825637812103
-0.004255205230373348
-0.8180529791656409
-0.4804916002363049
-0.5525961680466526
-0.041693000804500356
0.40545877079589515
0.14492905617247495
-0.611265692543721
-0.23947118055265018
0.27076534331496743
0.4924040848905962
0.6097264929557387
0.6610398202940811
0.5536784241825617
0.8262245873333057
0.7893462713913575
0.40388270192279974
0.5376205490149932
0.19957103034514326
0.2771481711013364
-1.2821584589457788
-2.121969697048644
-1.3860962156960506
-1.4502088048267865
-1.9758171820989265
-1.0916740752612422
-0.29159854574899896
-0.9901267501076534
-0.70948243783043
-0.6335214411077325
-0.5886057268606052
-2.4324593145327498
-1.3768411136188716
-0.6781863227593377
-0.2297144840140579
-0.1918686309031381
-1.5118833225680397
-1.4170116721189734
-1.2513016807177468
-1.9072423246176597
-2.200282488242657
-1.5238649580809482
-2.3718660496015507
-2.7095157832600045
-1.230790891146805
-0.08302035490298447
0.11471998064355264
-0.13004533856333478
-0.17534845314858027
0.33230405950849007
-0.4262839144642237
0.08274401233166499
0.5613355132212593
0.6183338017285007
0.3393278886682765
0.695187485521929
0.3224475004596116
0.6262345588295185
0.5370643765390587
0.41622330189957596
0.5876703844244299
0.011323944924253196
-1.4384333930438649
-0.6845913214130256
-0.6989108439431225
-0.27952954356398224
0.08452621816809792
-1.1669572943577693
-0.7698702963629867
0.426587633263719
-0.11363969080621983
0.6932475173672622
0.8325440926291335
-0.1918247201089788
0.466593010628319
0.6373004925843961
1.0309568225738686
1.1297387198161475
0.8163910659725593
1.0580585389328256
0.7646601698858673
0.7450330014745791
0.5448095559772949
-0.2531254070818495
-1.5635063895707662
-0.9877571440524502
0.27099686517847654
0.768746478453385
-1.447672672802147
-0.6159388383281397
-0.4556211703892938
0.31599003481164845
0.4635169741337008
0.4408177988650066
-1.8675854921654216
-2.4590547670746665
-0.323431373186123
-1.9706097232513013
-1.3562668014758656
-1.9210775753179543
-2.657445160876519
-0.9703545658107346
-0.7897138872188817
-0.9247914794855601
-0.010358776889527854
0.480582224336959
0.3794523631340856
-0.0825685349029306
0.39775034705694146
0.6536280782472014
-1.2885071086649336
-0.2279941453834553
0.02433148489039406
-0.06787732252722604
-0.5420160447584363
-1.9311364058589164
-2.767669861816819
-2.0617659345322417
-1.517690030056176
-0.9423350059420331
-0.30944508438952106
-0.43906618801815994
-2.050741023490149
-1.3647049900889205
-0.34694078574351445
-0.18907508836050427
0.1300133985160996
0.3696597473091556
-0.2792978325563856
-0.8986862452898793
-0.7543300402931044
0.2303228476530259
0.5758303895150112
0.258451697932521
0.43338573158934546
-0.09437998352085743
0.41870428881225813
0.05880515339580694
0.2142236680947315
-0.07106708014095238
-0.3806992746483881
-1.3834069198334633
-1.990102218445753
-2.5648003780900113
-2.177724396697938
-1.0271135802629308
-0.8937543237635683
-1.678667783989603
-1.9650616052061405
-0.987711465406449
-2.049247246536559
-2.567865535449499
-1.89929873620899
-2.2625537395564304
-1.600549694417247
-0.23675843657293985
-0.7665054901128906
-0.3656683353175431
-0.36116151341844627
-0.8731442867834955
0.2541545890651084
-0.34838244550956693
0.6394292861396547
0.9307296314059226
0.9441564171972253
0.24223257729740807
-0.04668713972285415
-1.2744547597849094
-0.27439939055518003
-0.012883935545461711
0.2878524846877448
0.1967303654541184
-0.224327965056108
-0.8398772544559435
-1.9886887903096848
-1.1309796652799227
-1.341371202369477
-1.3060661395822735
-1.0088186106099448
-1.5854233666246618
-2.1541656678312258
-2.8829471327071072
-1.4518972010234854
-1.0025033080968635
-0.6865258915582211
-1.8918915595668608
-1.1021212902346322
-2.0724450381087753
-1.8622967590066943
-2.019260098418653
-0.9021630598311869
-1.3140889194474827
-1.9151606012482745
-1.7551267868319318
-1.989630441280374
-0.8029243029961205
-0.15301524311771422
0.45098894005628404
0.4905138290836469
0.39104747758379127
0.24385038427368178
0.5614839491693485
0.13987453676936892
0.25544470250954315
-0.9541900025310225
-2.8114515414701153
-1.578109483809427
-0.7336667544343235
-1.0269805850823654
-0.7262301136068002
-0.6124853771679729
-0.5941484004249799
-0.7179328867430007
-1.061143280245946
-1.1139112952324595
-1.846466567185671
-2.7353184041464274
-2.6406365684169386
-2.0878962131951737
-0.9004265473819544
-0.3767587466054489
0.12987905691073146
-0.1902725365734045
0.02233918241111942
0.16849179431693048
-0.3500802863066841
0.10362127897377878
0.12697282591897072
0.5512425170667437
0.22695036350334238
0.4860999731713558
-0.01116623921859602
0.36669378013051707
0.5556441696738504
0.042847824440225966
0.3521080478040777
0.5040711336461485
0.5287171643934895
-0.41204482122336755
-0.051885643573542056
0.3904165392052237
0.4095528551944821
0.44536642207288635
0.659155040837739
0.31971920766497547
-0.20992864576590545
-0.3655230824467249
-0.20313492497554095
-0.32090570825406245
-0.21989082409870178
0.42015695059058955
0.5950118826649796
-0.19563345929912127
-0.7597346460891781
-2.016429585898405
-0.009190948605283402
-0.5290422230539386
0.2948576321309247
0.3410483629666248
0.21917194862876654
-0.36761931505427653
-0.7885463912248669
-0.7756197602891408
-0.021217205254830368
-0.20722892899112255
-0.024521226322194698
0.2435277525850784
0.4334832617133313
0.5210295526577986
0.2634910934040986
0.4666955388836273
0.35305042001439796
0.27909601077560015
0.030956933905917975
0.21500898441645902
0.18819065335642815
0.2969610492563351
0.28414530204777844
-0.2013938293176121
0.2742750596184747
0.5227880090463463
0.23132887034754276
0.27375927079822443
0.19302982468652818
0.45490333870645977
-0.07255934339539459
-0.02257867857908746
0.39491592657314484
0.1023439311971802
-1.0591915869975466
-0.42320488274905443
-0.2916319025959792
-0.10421489052506476
-0.09193353710794035
0.0029969400078873032
0.056108786699235434
0.09431267020150423
-0.10505101450087233
-0.4740909084636593
-0.697725666540241
-0.27292742404485376
-1.1957859683662833
-0.097225746054742
0.5038685510073452
0.5751287551913536
-0.15024541318036852
-0.43097692102336255
-1.2750847207484552
-0.46210117410993296
-0.17107229548796998
0.023157897025882754
-0.19862301998628476
0.09554602517788857
-0.4172126340309969
-2.2002757681867053
-1.709205537787649
-0.62823149654835
0.1848426452391867
0.09414908614812528
0.34466657095726827
0.03811377931583465
0.09543789078651976
-0.045178144536455585
0.05109143212323477
0.16336977468629219
0.12703150410145583
-0.53337810542564
-1.087008317169554
-0.10627259262852974
-0.31742460694570523
0.18685074151758088
-0.11652158634969752
-0.38347493120122245
-0.09902663669905976
-0.06273172412063661
-2.1035108784181586
-2.1941231782653925
-1.7186320678872355
-0.11792331336845362
-0.12406940557017354
-0.055491315006449625
0.465631011851762
0.5136295618643462
0.6593189408760157
0.3099303536586024
-0.2760231724666751
-0.48315350261249296
-0.11029452081352602
-0.7074676021905023
-2.236302385754128
-1.5463543394988086
-1.3480783577240347
-0.7309099356955994
-1.822639378759195
-2.6398067224691486
-1.5316243343274234
-2.538779059374068
-2.4394052885345405
-1.2200839605526326
-0.5337508239019769
0.1090912449639182
0.16177202826937886
0.4013066848168905
0.33055812185766026
0.25717961377358217
-0.5811893571371509
-0.5870713009312654
-0.06108775378933042
0.027380151139597617
-0.3419470629285894
-1.8178977359619017
-1.1698688333514797
-0.14388182603625008
0.1372362879846031
0.4906668869127848
0.47977581145822695
0.46427075990532224
0.6987150085643853
0.7809832336081511
0.9674569355821143
0.8819593455514244
0.4849682176324042
0.7134333440445517
0.709510361890117
0.908997041860637
0.13640419518907854
0.5455261227686599
0.5335760365360198
0.7299717682579958
0.5516334359010224
0.5007062562717849
0.4429997384816205
0.6377056116314324
0.5876254472783395
0.2695107756446117
0.6000508002482968
0.18931649812268794
0.2908036623563401
0.41030599101806514
0.21827995741706177
0.534034678638246
0.7296242110234191
0.730826468156101
0.2025717833545911
-0.2851842358621146
0.24510382284646973
-0.43081364500296465
-2.04498406164663
-2.387540854983374
-0.95724219289777
-1.4058443038838113
-2.5663962945231886
-2.933324096948701
-1.1826813990653224
-0.2926326824448319
-0.17748682489241074
0.34867456503073907
0.38640755507155405
0.32354504708879017
0.2542310835113797
-0.8196486446052367
-0.7501840753979687
-0.08996446839800014
-0.11015374684392183
-0.2177364752103962
0.07720603397982777
-0.34940017291973585
0.09582521950596605
0.1278910463309224
-0.6836490849373199
-1.7240373341090578
-0.9069557870319357
0.3256597843740199
0.39432013708331315
0.20232363520413385
0.5344107103980832
0.7144022683157621
0.17638282123634905
-1.2726978604729853
-0.20768528122478314
0.27098392073521477
-1.0248171012884402
-0.09464802082201185
0.20431396651386638
-0.0029242666072517667
0.38434552877254524
0.40088074464161805
0.34970324287674304
0.5844503561415219
0.3376147861380421
0.41764196348598975
0.0905276218582658
0.5235221908531368
0.26060498130493454
0.12734280617618607
0.06430639178625369
0.34627784377276966
0.376374265887436
-1.308334286595694
-2.291657347669321
-2.3321147090488847
-0.9877717057281293
-1.3755617625968544
-0.11427588911834656
-0.22797819647992593
0.2130178661201467
0.08287582395816316
0.31405893865649276
0.06887708398191512
0.14921478565780605
0.13890877490420436
0.21249680251872868
-0.6764615344348323
-0.09208196916589818
-0.3403131486806827
-1.0377847676514844
-2.120164226554627
-0.7197568380594405
-0.2764918140840484
-0.6063133742543795
-0.5213076894415528
-1.9116316462358736
-2.265578975934452
-1.6309252560173715
-0.3261755056648938
-0.31162005803964127
-0.05275679834343975
-0.27706971816688125
-0.24939472305399654
-0.1571875851073954
0.032924098003943005
0.15515982615887286
0.2733943897405167
-0.984705837414389
-0.14699681924363592
0.266343920479086
0.08437214614284534
0.4663903672581406
-0.20236930131404943
-0.48419276766259595
-0.6246506839113936
-0.927671296844898
-0.5122157921053213
-0.413284749945734
-0.328584710699419
-0.4653111886975181
0.24881004134849413
-0.15692261880515
0.4694194936277647
0.7075375181775904
0.6394140211039882
0.8796107180513921
0.5832075264796653
0.7921384905614485
0.5076382004596779
0.22062529118040444
0.13773852223261926
0.2612520433652041
-0.33839359789816376
0.20349892245290693
0.11563700995838684
0.2743427253425516
0.5717873657110979
0.6467524439475968
-1.1797769497649917
-1.5837338169756066
0.08342498071074543
-1.1753619437281788
-1.0394140203956193
-0.42900559764567364
-0.9864367328667228
-0.707404969353223
-0.13033447739389106
-0.020890907006051673
-0.16245202528661348
-0.5856716319183309
-1.0372531274797072
-0.7383546816945921
-2.088728536642385
-2.6779578475027557
-1.520366361821094
-0.13567432892640496
0.1547922267610923
0.03799830093633507
0.3627419999071704
0.40311325643512147
0.5085591579338052
0.47906281080520907
-0.34015065070031375
-0.9643156046409178
-0.18733434492646436
0.3608067657633452
0.3661337687520847
0.22609350877292397
-0.9248594650690526
-0.2416219706953513
-0.28041030874351885
0.24600787489745976
0.6774287463136854
0.21716660431216325
0.609565067600676
0.33934713508995457
0.2772652288271707
0.0664176861426779
-0.5758991571477411
-0.3730688113212525
-0.66923271502839
-0.24926512491997965
0.19841974349412525
0.5566938620245003
0.06854876174965319
0.5107804881596683
0.6927183003710584
0.9139497143232056
0.726183328052732
0.8823305056973627
1.040011646960256
-0.24329979422035833
0.6920385809342121
0.4660681319121102
0.9615145972736322
0.1839879506247596
0.22206989711160938
0.5831147439201092
0.21552238763852802
-0.09553205358796936
-0.1289913490234708
0.020722279756051967
-2.08668756798578
-1.4588511008461582
-0.2529568919203247
-0.24487877306967323
0.274412947881435
0.5039334456111969
0.6205261060235205
-0.9085217768115371
-2.244292601844202
-1.0131538582240325
-1.6131831838671402
-1.797234975829045
-0.5186638563300351
0.18083040459709707
0.5245808410447576
0.3745726060966595
0.3295348185899479
-0.43020109281801294
0.1294043089984308
0.4320557123670645
0.28270273718413724
0.37272829926424
0.46945370771307826
0.8066486674763077
0.4160997366035509
-0.15063634521352431
0.24893616512363717
-0.8828317058712928
0.06367209578953541
0.35902274477472834
0.03543385979705174
-0.8992037733929413
0.12135732678741175
0.41407325242734133
0.3454966666564548
-0.4930608129080523
-0.9174859782803569
0.5113247207093848
0.8263299457443343
-0.3584891476610523
-0.5209810529514286
0.2695970200579488
0.5909013982352643
0.706250138499113
0.4858457345952081
-0.3536486113281036
0.18415903502047795
0.10218190712902564
-0.04986597099998628
-1.3975398034991195
-0.10887774808798996
-0.11596690435949468
0.1949599843627515
0.1959933281564613
-0.27520668085267136
-1.2099867248841345
-0.1859473688659176
0.3903826084669532
0.2061969566824997
0.3214512127895736
0.7288803471386318
1.1297512514460972
-0.10767275956132338
0.3935554567991792
-0.4477482215714203
0.33459004465312076
-0.33045858281317647
0.6765076754982676
0.3616094611877008
-0.5025783068767712
0.3146407573337286
0.3282454775070693
0.1382889396556692
0.3358768307449778
-0.30814249850860226
0.8855872265832199
0.9986726094664897
-0.07666451294710772
-0.514140875839781
-0.8564064252776222
-0.8533805376916465
-0.5702126841477216
-0.6716022903022867
0.11386965428491419
0.1438728946534419
0.41508561967290364
0.34949441646009854
0.1312780554519827
-0.2983409635170832
0.4616147838052395
0.4885441443825804
-0.049162722634315016
0.5727592974107732
-0.06362405816967871
0.645706888302967
0.10513419906917648
0.6494032636877914
-0.34250582871041346
-0.3742799695839522
0.2110994798567434
0.19022212578632136
0.3411814107611979
-0.18391566579298366
-0.29326992691579373
-0.08970454544970204
0.35538321443817605
0.32168750216150116
0.6753559829846288
0.6036709330519647
0.44496609970621726
0.6803473295088073
0.4747514251410627
1.0197971019179646
0.3832317993501427
0.7447086831443469
-0.8194261302572151
0.23530170541159132
-0.6854761666159307
-0.04739208544377695
0.4335275084375114
0.643398375623529
0.05764301764595703
-0.47556106762690636
-1.7222981381514846
-0.662845962322422
0.09632690458995992
-0.009225547100414094
0.2761672870515464
0.2780333142244844
-0.11788421332269265
-0.20331052508248057
0.015878950346627483
0.17983811908415628
-0.2660468388711736
0.4224636117118952
0.3544635782688139
1.066169261089591
1.0520166441190246
0.7198677328675753
0.9278275001901152
-0.1651974701515876
-0.4580531649584539
-0.1901266090380774
0.07852999741513034
0.007283276752378258
0.2992676180939583
0.5797141942261322
0.7471288715079769
0.947924600880769
0.8912631981704185
0.9679455465008485
0.49229285961383784
0.8626459664856787
0.816195153095776
0.643296073267898
0.3555519931315583
0.1914613074999373
0.1925496619283975
0.2886834893847475
0.47280750822339224
-0.4103648438251842
0.04856747648599926
0.12604948213651898
-0.3795426149403982
-0.014495711393970453
-0.4214919796088479
-0.11288263534076481
-0.7793414093542896
0.009911232999721145
0.14926014573512317
0.25030997228651364
0.1775322197452653
-0.1275678688649837
-0.006251932322092937
0.15136021145887849
-0.20174114027014686
-0.7811933292586838
-1.482847135602573
-0.8479849880537383
-0.6661403921021617
0.03322670235917872
-0.04758250855754235
-0.23526417550225967
-0.3043721993995774
-0.3708697430614685
-0.20974451121555857
-0.034949033475625634
0.02742111023325179
0.3040735835078205
-0.16339803576744438
0.012576275827023309
-0.07228512958781187
-0.24361704089185576
-0.22485633775909808
-0.4635280739464977
0.41349795308293036
0.4666793018779311
0.4273239291981438
0.4551374416594718
0.6976097773762718
0.11728157464187516
0.48933406550312625
0.31362055902931424
0.6583139945930231
0.6977506943285992
0.44868028750060374
0.5344513476567035
0.5429364927781922
0.4905910438595316
-0.14799038645775522
-0.18365182617828543
0.18748481218867244
-0.09760228648588642
0.030929180257151394
0.19159417097917927
-1.0544160964323661
-1.2110547765425117
-1.9130233766644136
-2.187611736116013
-2.1676502196412932
-2.550503516432727
-1.650116573744965
-0.6135661209089068
-0.07430706628062882
0.22535134780401925
0.46947188427343717
0.2807616258224423
0.43893600071236066
0.46604187914271594
0.5330376464631191
0.33226318171540825
0.30036424224641517
0.18468155576011439
0.17379414323259404
0.43951809782962625
-0.061695266816133854
0.15769191043083386
0.5041137794583028
0.4147689788466167
0.13039918388909658
-0.4145734614725481
0.06162765677808816
0.011940041004841992
0.652144713665935
0.5480831561765603
0.6464098050759602
0.7643937266709209
0.5205764005249037
0.5068120116689289
0.7015568183325639
0.6034850975790118
0.2545936360594185
-0.29948092411154553
0.0646776476681199
-0.4833856529350458
0.1147431456640281
-0.32356734440490664
0.0018976262202588985
-0.6597147217408749
-0.037513879725822256
-0.31819991978950907
-0.6119798925018081
-0.4800055591303137
-1.1665635787083524
-1.6133338240030242
-1.3406899722664647
-1.672119095252744
-1.3709962964220892
-1.4943270564735223
-2.184793771568829
-2.3220508637387307
-2.3832111538717773
-2.5708112039467794
-1.3708609468751376
-0.7620036306350118
-0.17594945421991706
-1.2838387115199001
-0.25563802760695636
-1.2519316933127256
-1.3301320022236445
-0.4901843102795274
-2.084540890058538
-1.3086104857792398
-0.5582386998742214
-0.0888287600208561
-0.11392299912705546
-0.4997906657954392
-0.37321607099402404
-1.2029277393048978
-1.2040206680075736
-0.8316098153759938
-0.8421454503086746
-1.0242042880774571
-0.3825049144744954
0.055100824664625736
-0.16275370638322026
-0.24000645626324568
-0.03663908488582927
0.29048502473464644
0.35216153178458115
0.16694585900649375
0.01435440982864782
-0.08012579545608202
-0.04555670646523339
0.07304343800929597
-0.01701855666010413
-1.891338531193157
-2.0440661238973257
-1.1608989513276031
-0.31234406093967876
-0.6415093548033748
-0.3148581814303742
0.31243642085635537
0.2839355383279839
0.37376903413459983
0.29537721663279953
0.36946790505599947
-0.6156425707925678
-1.3959988073083442
-0.26022721470313237
-0.014722854998814807
-1.0430243957307637
-1.0582661827548767
-1.2944940654366823
-1.9864548034621026
-1.9257106172638316
-1.4870124421798787
-1.564131580362386
-1.3461134556438603
-0.9522199615016209
-0.6647746478682791
-0.18484175109356207
0.16105075603648228
-0.5636523627047225
-0.6401341151197618
-1.2118450778279557
-0.6880267436698354
-1.0664616298607894
-0.15174883884211182
-0.08144713920281359
-0.7022322214796576
0.21036529398992646
-1.2218482488204645
-0.2593609483864352
0.1685803124875076
-1.0308047292164786
-0.9891690094454045
-0.7640873557074371
-0.3373242076676428
-0.7533129446577993
-1.663168510890778
-0.9054845731910972
-0.709880356470212
-0.366848953137979
-0.7306931263911874
-0.12147456030640919
-1.6483777249124707
-1.9153890868814691
-2.379968678406644
-0.6576988665597295
-0.01244278504664976
0.3240791478798167
0.6070534397960651
-0.06243899450746233
-1.0916717956119137
-2.2255880020435472
-2.090226594034774
-2.7175886777667055
-1.7506038815905807
-1.6355332013950477
-1.3759377042090737
-1.4337401252393256
-0.96576450115829
-1.4895377197109045
-1.0802463576860577
-1.5306568121252855
-1.3134363108400677
-0.3714606220309257
-0.10149889114479872
-0.11536083807839288
-0.12032848360305848
0.13097536930995515
-0.7790652899582414
-0.18696042683113756
-0.2560454977664197
-0.6978970858698291
-1.0699667536600963
-1.1623434005401505
-2.2025108283499684
-2.186996395639055
-2.3247154259178315
-2.536323357093583
-2.1990257747392685
-1.1884074855029771
-1.062039828351689
-0.6618285884720265
-1.0520804073301762
-0.7084025659320611
-0.39652349595353176
-0.38240552439468445
-0.8711703791870207
-1.1487183544277269
-1.462879125195932
-1.6450142563090617
-0.8774029049345441
-1.140127827887982
-1.484017173268951
-1.4100730259013083
-1.9940989457191352
-2.4235479602642456
-2.1024400088012474
-1.7810990735611245
-1.3621924626455104
-1.651783993349053
-2.138669546174715
-1.86094186431775
-1.0072652386469627
-0.9693673859874096
-0.5578634427444061
-1.0519320335806288
-1.5876383680438544
-0.4419099673390488
-0.3939418132279049
-0.38105080341210495
-0.3770346516505983
-0.31653423207217785
-0.12560621667989383
0.4264371989018674
-0.20167145791501792
0.45342822793900983
0.6631890196677507
0.5501792129028784
1.0277350298017087
1.1287598124724976
1.0446505515028754
0.7258072622906205
0.9250113380133257
-0.302550354444991
0.19308790405504714
-0.4460210897092988
0.45992767123668726
-0.07635499037641645
0.1591242502242135
0.2441897075946214
0.7985857888631629
0.5258092228170711
0.08030465222186
-0.09188847349787711
-0.9063031419519739
-0.20657574755927866
0.5161885570058019
-0.05528786789065149
0.23376580487063917
-0.1255264918458843
0.32333562656494425
0.6512164792143944
0.8274961535990487
0.6453458252940029
0.7381912288409254
0.7883477671456097
0.7387607343289847
0.44671929982436964
0.7135156712100811
0.6052579253589095
0.672424889488057
-0.3032857864626188
-1.2462619766993088
-1.6749393487160054
-0.6966187190939435
-1.2260603547520148
-0.26094879289101847
0.28478234572946676
0.350891486587609
0.27868790309179453
0.6198845380728356
0.5143937271882261
1.0770817373442285
0.7963009922744887
0.6347837014611458
1.2475869441879828
1.0178501287595683
0.7604630504529272
0.9374679192032903
1.2738306837305309
1.0054334181228783
0.5431333894812411
0.9399821090976551
-0.5864090271192853
0.2497262329742622
0.6191237958256398
0.7834457917018754
0.4659393056967946
0.46272970008289876
0.3812906314511953
0.3481309758248561
0.3395110756801847
0.5769269340523154
0.42090193429314987
0.913951431013378
0.9175672522297674
-0.09408706288371405
0.6694962088157581
-1.3104046103992022
-0.19332735433244339
0.48345272140410445
0.5975689589970676
0.5075754082490126
1.0490038623154117
0.8017324477613151
0.1281083443084255
0.5756389141756371
1.0135507651045275
1.1633833291231965
0.7586680404395741
0.3113722065768581
-0.7248596671991665
-1.9255630347984514
-2.2331510719387464
-0.339359094060961
0.6224179437252716
0.41322948569771234
-1.030513567982459
-1.8982010223960089
-1.786910490001695
-1.3016978679797464
-1.0085438266941977
-0.8808912936377213
-0.5038516768430973
-0.7025421957913269
-0.2521491435064536
0.20990408696867724
-0.07346587296962438
0.2414208719296479
0.4592000073530505
0.26058618523971183
0.7081533352008158
0.5578121849909679
0.569818212771998
0.6016991548280264
0.4136194454695814
0.6582590730804262
1.0078049900836212
1.0991545153020779
0.9535976721025538
-0.3956964237374076
-0.02743283522924685
-0.05598194400316677
-1.0731013456207812
-1.5017265252302716
-2.23124453104131
-2.547549751277435
-1.1824358741588352
-0.14865595988215338
0.22707177927848277
0.3394452597486726
0.4541442224113364
0.6999876709434792
0.6501279706080273
0.34368567787764476
0.2474068644009858
0.4583989049523314
0.6767327587563434
0.025302595057658712
-0.25347228363989904
-0.8149380659449079
-1.1691197708669296
-1.392474722627931
-1.5469806571046945
-1.3594698727327588
-0.7653271623099839
-0.9430592700164427
-1.7960856100638345
-0.8399755937472048
0.06860284075425477
0.1454478354413441
0.7155236609035329
0.11653268810320287
0.1631727011329459
0.07431906244173468
-0.2129531228626068
0.2906053157347815
0.2875841312654751
0.3818036204231376
0.4587391929708409
0.5909799178018198
0.0014140126551945205
-0.4690398041892958
0.4748716048328676
0.6503367901485746
1.0446812782040031
1.0936772495445322
1.1526489342568411
1.2967184298444148
1.3582039807878317
1.1837888316474159
1.5149795941503086
1.358987635846012
1.3249968412687005
1.4593331071206255
1.4585343278912652
1.3232956662420123
1.4108002781680344
1.5494147943256091
1.6635947263319324
1.4125185269643759
1.8114332438995209
1.8689978044098288
1.6835628464605232
1.2515508566911437
1.6962053031623814
1.571417782920056
1.5282149922095645
1.4723259584519086
1.2910771408521398
1.4168188892463913
1.4462158281766875
1.5103415586901123
1.3780663293257145
1.6741600720863483
1.3776623612155403
1.205610670474942
0.05607100940550273
-1.311401470788545
-1.9708470773698645
-1.6906372130986658
-2.0066109808417143
-0.12148185043421755
0.38399338493858187
0.274814266366592
0.24008547576727013
0.5124763673905328
0.59412429124159
0.5993388548437091
0.656298554368543
0.012990881872571266
0.3216590291842412
0.048507272706010594
0.3711226754091614
0.6773390705344614
-0.12554585392670642
-0.29652006209550286
-0.04268604896692019
0.6186911005410697
0.7657662790718193
0.3168888403025744
0.4658521531176485
0.41217399175990743
0.9035166078035153
0.9310751340360005
1.1805783667926797
1.3066616760887173
0.6022036949185189
1.0568007571436973
1.4406535786527794
1.3845904393086075
0.9985989016107187
0.824783370016919
0.9412205896997942
1.1446131231268024
0.94693621203945
0.9666680745422713
1.3100065404035102
1.3920466426334357
1.2035713704732582
1.4384630469402702
1.2207005900157124
0.48211328878769316
1.0370800274915022
0.9269051941460509
-1.201471022147578
-1.0865327884440068
-1.0550774550432724
-0.07680388046221907
-0.9882921314112295
0.18158149336262833
0.24579751437896372
0.3969831342787789
0.7711409849049264
0.6697779180072532
0.986296006386629
1.2373928273369585
1.250521167172349
0.5966243136357258
0.8673111605932192
0.6390885432997374
-0.6284142955682709
-0.941743938723902
-2.018847954889027
-2.0481043383991935
-0.5612716182624108
-1.731145566197254
-1.7859213829119527
-1.082949251431068
-0.8581566306974903
-2.013872128711205
-2.5401979296453385
-2.0742558188403266
-1.4385484523066554
-0.8736785153995136
-0.16549727554366275
0.12017429837769189
-0.28860980442903983
-0.6109283141488896
-0.5989737715357036
0.07530142263765156
0.33885929028916867
0.5927869336416444
0.7550731567657706
0.8327345360468703
0.8157048794587564
0.7589798421889774
0.8264934461853346
0.31645643221136144
0.5291586703101765
-0.08334632076041541
0.5175197444211505
0.5050920188900362
0.31915164831253534
0.5780446098916312
0.7255165771984214
0.9131686626903436
0.4386374024124025
0.9461554847076955
0.8162162380669744
0.7352912370507422
0.3840719786538101
0.3807018081238642
0.25468690266890814
0.32413129250445644
0.16588604070100468
-1.1673406298394653
-0.8679660949730129
-1.8808720155796739
-2.117441400498292
-1.2227515253141432
-0.6476740280137191
-0.9528401407463098
-2.2295570839076446
-0.686245895633084
-1.6422127688861174
-2.008689057407839
-0.6546048508636044
-0.3286073834778524
-0.37735525509371476
-0.39339316749436454
-0.9171769262006135
-0.7023726237311662
0.01650874632070115
-0.749625584140437
-1.0549920401153148
-1.720936897757067
-1.3623363667005766
-1.522499949865221
-0.7864797941751706
-2.2024082877686846
-0.9778511604559809
-1.6896494694109354
-1.3343154074263388
0.03599087551479998
0.8112927270222082
0.7009511212977669
0.923355023462888
0.8369832495485561
0.9927632441234798
-0.365493820820523
-0.9961838352251021
-0.3764574581199904
0.3721994489825207
0.8276001687719327
0.6863889030801142
-1.1458845494503407
0.0041181674393242175
0.43865777048821025
0.5935657239510649
0.9698848505914941
0.9258051145506604
1.086134828323784
1.006053187266745
0.9513733005803492
1.0298976560898587
0.997038875180641
0.8597677336134165
0.9328463397429769
0.5405189416104142
-0.33519080262068296
-0.11104998299290307
0.5369592576045322
0.7159863646136052
0.1783619291243742
-0.1211488257726082
-2.566958662143893
-1.3056985180779268
-0.6702890116468584
-1.1715159277942997
-0.18168180404845535
0.24058821698447086
0.3661300776899443
-0.183929715981437
-0.12181684999777127
-0.04109663505848168
-0.5527685863893828
0.32373426570269187
0.6726805650635788
0.4113901436815766
0.49291770969414417
0.6498313734436053
0.6606772323251128
0.8454370194293138
0.2018803710054107
-0.850303045299602
-0.33887775788634794
-1.222667033682387
-1.6014516160113754
-2.069822576936827
-0.3938774826780321
-1.9362282983563082
-0.22340938967024682
0.1979890228930213
0.5979281561995822
0.4708529835347743
0.5567508412340779
0.5803934794896718
-0.013478905273411427
0.3919573889775538
0.37190832208972474
0.1526488138188644
-0.9196660335066783
-0.29603530155382596
0.03772012839986538
-0.28657639454655576
-2.3123092576025646
-0.2889126532617096
-1.489609421745537
-0.08674386885452186
0.4481795746499468
1.2155384731941024
0.8897652006834001
0.8355063794236638
-0.9366463499749772
-0.37939031083027935
0.6109390517287437
-0.017115447013545244
-1.4716678279806228
-0.05336292674198001
-0.24163671430674385
-0.9728514264937372
0.4277235670812843
0.04630708134451247
-1.8882672291957185
-1.6088799789253245
-2.2530628847396814
-2.367252632668961
-1.1594075645709712
-1.4689638372661131
-1.0730526649016678
-1.0289202951998908
-0.6024694285507559
-0.545771910476668
-0.3623343196961291
-0.16693582264379955
-0.7483418276433396
0.027286256135490447
-0.1975383636560685
0.11886006711034948
0.24266858541357927
0.1790072229151127
-0.5183103603448579
-0.004739460804804208
-0.47510371309344146
-1.490277860414982
-0.14078097603890083
-0.6704900065822993
-0.5982257623849461
-0.17389889657652544
-0.9270513991556318
-0.511769162020899
-0.08231829272496748
0.3471017911508625
0.5533222839631481
0.7088242688123323
0.3905128556752928
0.38830380444110063
-0.07910063437549408
-0.0342800118325165
-0.023885665722963523
-0.517648116801876
-0.19469352657076855
0.2046110098757182
0.37079321106892377
-0.0149527939256971
-0.32795807626276696
-0.6418269677735003
-1.5454979740883188
-2.367714301260479
-2.6300927589128547
-2.660854578939709
-2.606546011624461
